Year,Agricultural land (% of land area),Arable land (% of land area)
1962,49.86076101,5.283018868
1963,50.04694969,5.283018868
1964,50.31009748,5.283018868
1965,50.49259119,5.283018868
1966,50.65833962,5.283018868
1967,50.83285535,5.34591195
1968,50.93551887,5.34591195
1969,51.02044969,5.34591195
1970,51.10588365,5.34591195
1971,51.28957862,5.34591195
1972,51.28930818,5.377358491
1973,51.91260692,5.471698113
1974,52.40692138,5.581761006
1975,52.83450943,5.70754717
1976,53.14351258,5.786163522
1977,53.88370126,5.911949686
1978,54.25586164,6.006289308
1979,54.37183333,6.053459119
1980,54.46791824,6.147798742
1981,54.89841509,6.194968553
1982,55.30939937,6.257861635
1983,55.29559748,6.396226415
1984,56.29245283,7.235849057
1985,57.2657673,7.48427673
1986,57.60220755,7.48427673
1987,57.91638365,7.547169811
1988,59.15861006,7.610062893
1989,58.26861321,7.610062893
1990,59.92860377,7.641509434
1991,58.58566352,7.704402516
1992,58.63146226,8.176100629
1993,61.32704403,9.125786164
1994,59.76745283,9.433962264
1995,62.10015723,9.433962264
1996,62.0582044,9.433962264
1997,61.30820126,9.119496855
1998,61.60218553,9.119496855
1999,61.88793082,8.805031447
2000,62.12457233,8.805031447
2001,60.58416981,8.805031447
2002,60.9599434,8.805031447
2003,61.08490881,8.805031447
2004,63.40360692,8.805031447
2005,64.16558805,8.805031447
2006,65.03640252,8.805031447
2007,66.06060063,9.119496855
2008,65.79551258,9.119496855
2009,65.69812579,9.119496855
2010,65.73580818,9.119496855
2011,66.20017925,9.119496855
2012,68.96385849,9.433962264
2013,70.8868805,11.00628931
2014,72.59172013,11.00628931
2015,76.93681195,12.11870503
2016,75.42663648,11.88865849
2017,77.70448082,12.52644623
2018,81.3420739,12.81937264
2019,81.5248,13.03983459
2020,82.62582296,12.99189528
2021,84.3928673,13.3553673
2022,84.15681258,13.54979686
